BEGIN          1
        22  .5313E-06  .3416E-05 -.2453E-01
        22  .6143E-03  .3896E-02 -4.090    
      -321 -26.04     -9.934      22.14    
       211  9.823      .2719     -6.182    
      -321  23.87      1.174     -12.10    
       321  33.18      3.010     -15.61    
      -321  10.66      .1826     -5.429    
      -211  3.685      .3229     -2.555    
       211  3.010      1.970     -.9529    
      -211  1.267      2.145      .7414    
      -211 -14.76     -5.491      10.43    
       211 -10.85     -3.256      7.914    
       211 -6.010     -2.585      4.530    
      -211 -9.433     -3.299      7.701    
       211 -1.058     -.3745      .6969    
        22 -1.839     -.8286      1.045    
      -211 -1.456     -.5876      1.150    
       211 -2.337     -.6253      1.634    
      -211 -1.925      .2958      .6026    
       211 -2.889      .2339E-01  .3354    
      -211 -4.696     -.2843      .2479    
       211 -1.005     -.1688     -.2151E-01
      -211 -1.263     -.7672E-01 -.1960    
        22 -6.099     -.2322      .4037    
      -211 -3.405     -.1184      .1141E-01
       211 -5.754     -.2316      .3821    
        22 -7.288     -.3710      .7378E-01
      -211  12.50      1.234     -6.150    
       211  2.084      .1061     -.9701    
        22  2.415      .1527     -1.303    
       211  6.358      1.152     -2.491    
        22  9.308      1.406     -3.856    
        22  8.606      1.430     -3.554    
        22  .3581      .5810E-01 -.4472    
        22  1.684      1.767      .7005    
        22  1.280      1.185      .4637    
      -321  2.335      2.827      .7347    
       211  1.830      1.632      .8292    
       321  6.734      5.303      2.488    
      -211  1.738      1.584      .9793    
       211  3.153      3.360      1.273    
        22 -21.71     -8.187      15.87    
        22 -1.834     -.6862      1.387    
       211 -.3674     -.9462E-01  .1953    
      -211 -6.306     -2.194      4.461    
        22 -3.043     -1.401      2.085    
        22 -1.467     -.5751      1.001    
        22 -.3634     -.2363     -.5425E-01
        22 -.1565     -.3371E-01  .3807E-01
        22 -.3936     -.1472E-01  .5546E-01
        22 -6.229     -.5163      .4205    
        22 -.8261     -.2666     -.5964E-01
        22 -1.319     -.2526     -.1236    
        22 -.6826      .2466E-01  .9045E-01
        22 -2.639     -.8982E-01  .1586    
      -211 -11.59     -.6891E-01  .2688    
       211 -15.46     -.7073      .1393    
       130  14.00      1.082     -7.225    
        22  4.400      .6855     -2.372    
        22  .4025      .2166E-01 -.2158    
        22  .2334     -.1192E-01 -.1660    
        22  .6093      .1305     -.2716    
        22  1.017     -.1269     -.4658    
        22  .1345     -.4297E-01 -.1959E-01
        22  .3072      .3056      .8588E-01
        22  .3960      .3738     -.4299E-01
        22  .1192      .3024E-01 -.1928E-02
        22  1.287      .7690      .1617    
        22  .2815      .3964      .2012    
        22  .1720      .9786E-01  .7169E-01
        22  .9268E-01  .1311      .6745E-01
        22  .4831      .3085      .1068    
        22  2.890      2.847      .7493    
        22  .5800      .7553      .4171    
        22 -.3373E-01 -.3114E-01  .2396E-03
        22 -1.037     -.1239      .1358E-01
       211  6.459      .7124     -3.079    
      -211  33.38      4.269     -16.43    
       211 -14.87     -.6078      .6304    
      -211 -14.68     -.8056      .2684    
END
BEGIN          2
        22  .1801E-06 -.6859E-07  .1202E-01
        22 -.1226E-03 -.1706E-03  .6266E-01
        22 -.3360E-03  .1653E-04 -.7197E-02
        22 -7.755     -.9349E-01 -82.17    
        14  40.72     -45.09     -52.80    
       -13  13.90      22.03     -89.99    
       321 -.4084E-01  .7278      1.007    
      -321 -.3830      1.174      2.107    
      2112 -.7503      3.289      6.331    
     -2112  .2218E-01  5.129      9.998    
       130 -3.086      3.494      6.559    
      -211 -2.333      3.174      5.155    
        22 -2.338      2.824      4.131    
        22 -1.229      2.100      3.069    
        22 -.6831      .6091      1.409    
      -211 -.2479      .7380      .8689    
       211  .4047E-01  .1708      .5576    
       211  .1623      3.247      5.662    
      -211  .8238E-02  .5038E-01  .2816    
        22 -.1424      .1532E-01  .4003E-01
        22 -.3584E-01 -.1775E-01  .1194    
       211 -.6022     -.4687E-01  2.545    
        22 -.1828      .3160      1.122    
        22 -.4794E-01  .3368      1.000    
      -211 -.7042     -.2957      4.472    
      2212 -1.737     -.4934      7.254    
       211 -.5860     -.9833E-01  2.644    
        22 -1.953     -1.726      13.62    
        22 -.3466     -.2345      2.163    
     -2212 -9.873     -6.203      48.74    
       211 -1.989     -1.415      11.96    
      -211 -1.331     -1.072      5.758    
      -211 -1.378     -.5181      7.058    
        22 -1.265     -.5253      6.200    
        22 -.6552     -.3434      3.710    
       211 -1.080      1.962      3.596    
      -211 -.9744      .8693      1.544    
        22 -.4945      2.376      3.933    
        22 -.3794      1.417      2.257    
        22 -.2938      1.677      3.431    
        22 -.1261      1.261      2.714    
        22  .4149E-01  .1277E-01  .7062E-01
        22  .6378E-03  .2962      .4276    
        22 -.1141      .1611      .4367    
        22 -.6803E-02  .2724E-01  .3218    
        22 -.4195     -.6766E-01  1.890    
        22 -.1033     -.9035E-01  .6710    
        22 -2.654     -1.734      13.30    
        22 -3.937     -2.457      20.04    
       211 -1.232      1.412      2.518    
      -211 -1.403      1.626      2.204    
END
BEGIN          3
        22  .1392E-06 -.3438E-06 -.5289E-02
        22 -.1897E-01  .1077     -64.76    
        22  .2210     -.2506      1.478    
      -211  5.016     -3.253      10.63    
       211  4.419     -3.083      8.760    
      -211  2.270     -2.171      4.352    
       321  1.368     -1.070      4.019    
       211  .6781E-01  .8532E-01  2.807    
       211  5.593     -1.422      25.16    
      -321 -1.048     -.2713      3.650    
       321 -4.500      .1089      8.444    
       211  .2238     -.3275     -.6809    
       211 -.4434      .7719E-01 -.8968    
      2212 -4.341      5.587     -22.24    
     -2112 -3.797      4.177     -20.31    
      -211 -2.004      1.913     -6.211    
      -211  .6406     -.5502      1.265    
       211  9.288     -5.823      19.45    
      -211  .9791E-01 -.1766      .1113    
      -211  .8467     -.3084      2.983    
       211  .8348E-01 -.2705      .8638    
      2212  .1863     -.7104      3.512    
       211 -.2808E-02 -.5379E-01  .6224    
      -211  .1687     -.5906      1.780    
     -2112 -.2366E-01 -.5220      6.976    
        22  1.532     -.3307      6.823    
        22  .6207     -.2069      3.081    
      -211  .3335     -.5213      2.486    
      -211  1.172     -.8128      8.293    
        22 -.4334E-01 -.5647E-01  1.927    
      -211  .5408     -.3605      2.242    
       211  .4493     -.3664      4.606    
       321  1.033      .1401      7.764    
      -211  .3768     -.6617E-01  1.073    
        22  .5222E-02 -.1925      .2580    
        22  .1507      .2377E-01  2.259    
      -211 -.2433      .2658      4.643    
       321 -1.010      .7021      6.767    
        22 -.9199E-01 -.1780E-02  .6657    
        22 -.4953E-01 -.1416      1.238    
       211 -.5883     -.2683E-02  1.912    
      -211 -.8110     -.6974E-01  1.449    
      -321 -1.787      .4928E-01  4.511    
       211 -1.265      .2397      2.364    
      -211 -3.405      .3057      7.793    
       211  .7251     -.8154     -.3095    
      -211  2.457     -2.878     -1.375    
      -211  .6333     -.8629E-01 -.6179    
      -211  .4223      .5103     -.6025    
       211  .6499E-01 -.3808E-01  .1806E-01
       321 -.1180     -.9996E-01 -.2363    
      -211  .4163      .1882     -.3837    
      -211 -.1782      .1156     -1.600    
      -211 -5.819      6.207     -20.29    
       211 -1.228      1.309     -4.544    
       211 -11.74      9.787     -34.20    
        22 -.2880E-01  .2916E-01  .2524    
        11  .7020E-01 -.2985E-01  .1958    
       -11  .2028E-01 -.3247E-02  .5131E-01
        22 -.9155E-02  .7918E-01  1.298    
        22  .1044E-01 -.5501E-01  1.228    
        22  .2665E-01 -.5369E-01  1.088    
        22  .9949E-02 -.1160      .4925    
        22  .8152     -.5505      6.895    
        22  .2861E-01 -.6021E-01  .4740    
        22 -.1540E-03  .6561E-02  .2429E-03
        22  .4124E-01  .1032E-01  1.450    
        22  .9772     -.5952      4.638    
        22  .3445E-01 -.4899E-01  .1750    
        22  .4058      .1000      2.479    
        22  .8959E-01  .3532E-01  .2932    
        22  .8052     -.2044E-01  3.409    
        22  .6936      .2159E-02  3.522    
        22  .2592E-01 -.7369E-01  .7986    
        22 -.9188E-01 -.6289E-02  .9537    
        22 -.7246      .2224      1.572    
        22 -.4556      .3154E-01  .9222    
        22 -.2460     -.1081      .4281    
        22 -.2068     -.1825E-01  .1786    
        22  .1382E-01  .5972E-01  .6522E-01
        22 -.1618      .6728E-01  .1455    
        22 -2.204      .3789      3.990    
        22 -1.060      .8789E-01  1.891    
      -321  4.056     -4.365     -1.872    
        22  .8101     -.7889     -.8090E-01
        22  .6574     -.7969     -.1375    
        22  1.307     -.3877     -.4062    
        22  .6286     -.2854     -.2201    
        22  .1295      .9381E-02 -.6280E-01
        22 -.1173E-01 -.4949E-01 -.3592E-02
      -211  .9428E-01  .3923     -1.871    
       211  .3818      .3896     -1.243    
        22 -.7047E-01  .6822     -1.334    
        22 -.4238E-01  .1691     -.2206    
        22 -.5542      .5182     -1.743    
        22 -.2920      .2891     -.7221    
        22 -.2674      .2582     -.7446    
        22 -1.246      .8513     -2.813    
        22 -2.011      1.610     -5.986    
        22 -.6095      .4294     -1.880    
       211  2.317     -1.878     -.8169    
        22  .8071     -.9234      1.609    
        22  .5837E-01 -.1353      .2108    
        22  .1679     -.2710      .6625    
        22  .2822     -.1972      .7617    
        22  .2442      .3157      1.973    
        22  .6347E-02  .1018      .3628    
        22 -.4639E-01 -.6961E-02  .3252    
        22  .2841E-01  .8728E-01  1.921    
       211  4.629     -5.726     -2.400    
      -211  .3103     -.2605     -.8150E-01
        22 -1.712      1.610     -4.901    
        22 -3.489      3.119     -10.11    
        22 -1.398      1.181     -4.342    
        22 -.9092      .6894     -2.489    
END
